[main]
format = 3
nodeid = 1
polling = 2000
kcal = 83.3300018311 1.0 1.0 83.3300018311 1.0 1.0 1.0 83.3300018311
phasecal = 0
vest = 230.000000
xpFREQ = 50
Ncycle = 20
debug = 0
